Default

 1;0;0;0;0
 0;1;0;0;0
 0;0;1;0;0
 0;0;0;1;0
 0;0;0;0;1

Dawn

 0.5771806415306519; -0.05207895481521974;  0.32602478689264475; 0; 0
 0.3462206377905974;  0.48313224358999163; -0.23516468548063502; 0; 0
-0.37340127932124934; 0.11894671122522803;  0.45913989858799026; 0; 0
 0;                   0;                    0;                   1; 0
 0.028575;            0.028575;             0.028575;            0; 1

Night

-0.028507675194502577; 0.07952125771505107;   -0.004544459472825533; 0; 0
 0.1239416209633051;   0.12537890688656714;    0.2532039602952014;   0; 0
-0.10456605423119737; -0.0049001646016183144; -0.04865950082237598;  0; 0
 0;                    0;                      0;                    1; 0
 0.0144;               0.0144;                 0.0144;               0; 1
